<?xml version="1.0"?>
<opencv_storage>
<calibration_Time>"Tue Sep 10 15:30:01 2013"</calibration_Time>
<nrOfFrames>25</nrOfFrames>
<image_Width>640</image_Width>
<image_Height>480</image_Height>
<board_Width>11</board_Width>
<board_Height>7</board_Height>
<square_Size>20.</square_Size>
<FixAspectRatio>1.</FixAspectRatio>
<!-- flags:  +fix_aspectRatio +fix_principal_point +zero_tangent_dist -->
<flagValue>14</flagValue>
<Camera_Matrix type_id="opencv-matrix">
  <rows>3</rows>
  <cols>3</cols>
  <dt>d</dt>
  <data>
    5.1307430370602378e+02 0. 3.1950000000000000e+02 0.
    5.1307430370602378e+02 2.3950000000000000e+02 0. 0. 1.</data></Camera_Matrix>
<Distortion_Coefficients type_id="opencv-matrix">
  <rows>5</rows>
  <cols>1</cols>
  <dt>d</dt>
  <data>
    8.5500723503557571e-02 -2.1827493519749458e-01 0. 0.
    3.7534346690902817e-02</data></Distortion_Coefficients>
<Avg_Reprojection_Error>3.0424270543936727e-01</Avg_Reprojection_Error>
<Per_View_Reprojection_Errors type_id="opencv-matrix">
  <rows>25</rows>
  <cols>1</cols>
  <dt>f</dt>
  <data>
    2.95640200e-01 3.11315298e-01 3.18416536e-01 3.20603371e-01
    3.01896691e-01 3.05715770e-01 2.93679327e-01 3.05778235e-01
    3.04995209e-01 3.01016957e-01 2.80602843e-01 2.89158404e-01
    3.25578511e-01 3.01572025e-01 3.00272435e-01 3.03256214e-01
    2.97558039e-01 2.97810405e-01 2.82031655e-01 3.19558889e-01
    3.24676573e-01 2.89813638e-01 3.03976744e-01 3.19565535e-01
    3.05551887e-01</data></Per_View_Reprojection_Errors>
<!-- a set of 6-tuples (rotation vector + translation vector) for each view -->
<Extrinsic_Parameters type_id="opencv-matrix">
  <rows>25</rows>
  <cols>6</cols>
  <dt>d</dt>
  <data>
    -3.9538581883809498e-01 -2.1164406996594537e-01
    -4.5978583787567293e-02 -6.3335114029319591e+01
    -3.8367825732472625e+01 3.3449702971904344e+02
    -3.9686029639937176e-01 -2.1079304119842679e-01
    -4.4920939460643683e-02 -6.2642276585182245e+01
    -3.8808167383982550e+01 3.3465674060756339e+02
    -3.9589849376641340e-01 -2.1175277705606546e-01
    -4.4917063289493804e-02 -6.2738950660119627e+01
    -3.8241781865123613e+01 3.3435924885743356e+02
    -3.9545478051495481e-01 -2.0950914915320409e-01
    -4.3895821394779599e-02 -6.2300904022090677e+01
    -3.8965599422482732e+01 3.3470461291075389e+02
    -3.9636161233723088e-01 -2.0835030467139182e-01
    -4.3359474596258836e-02 -6.2311485189178164e+01
    -3.8691187933233003e+01 3.3494763031367461e+02
    -3.9614615786492757e-01 -2.1025814262515433e-01
    -4.5382309085184355e-02 -6.2175904586380987e+01
    -3.8519205049472582e+01 3.3419681106507051e+02
    -3.9615933364746825e-01 -2.1016190140043678e-01
    -4.3067381535585536e-02 -6.2152927673034178e+01
    -3.7554527231313877e+01 3.3439867485067231e+02
    -3.9597115364099927e-01 -2.1072877368691184e-01
    -4.3392966504534787e-02 -6.1754699449161016e+01
    -3.7721598521533558e+01 3.3407695982033096e+02
    -3.9906267958620706e-01 -2.0895714540072691e-01
    -4.2009899792003660e-02 -6.1281915750357790e+01
    -3.7917157502262732e+01 3.3454478019974187e+02
    -4.0013418260978445e-01 -2.0783612854817310e-01
    -4.1410867813314794e-02 -6.1259848404739117e+01
    -3.7769725594891106e+01 3.3492766311121358e+02
    -3.9597804730361974e-01 -2.0743995902239967e-01
    -4.0376082643490137e-02 -6.1116006776399779e+01
    -3.7994125598417398e+01 3.3482678966270913e+02
    -3.9796785691301173e-01 -2.0722028092902511e-01
    -4.0950784595376155e-02 -6.1393406968880470e+01
    -3.8232831080513009e+01 3.3522144371883542e+02
    -3.9699939899284514e-01 -2.1092868252726060e-01
    -4.0758389474081974e-02 -6.1716481757166115e+01
    -3.8076987089653265e+01 3.3430221805735113e+02
    -3.9407223913524042e-01 -2.0935911221646053e-01
    -3.8867658441889795e-02 -6.1306834977761454e+01
    -3.8354701029591929e+01 3.3436874764852126e+02
    -3.9370571082460437e-01 -2.0991243014203576e-01
    -3.9318492645863873e-02 -6.1323014443487423e+01
    -3.7733703441343003e+01 3.3416852412452812e+02
    -3.9447512575447136e-01 -2.1087035358634043e-01
    -4.0470788261316212e-02 -6.1464429307989626e+01
    -3.7730668675513265e+01 3.3396971363456805e+02
    -3.9502211067847237e-01 -2.1008585765485802e-01
    -3.9712637213529481e-02 -6.1211829744272791e+01
    -3.7708540655148404e+01 3.3420935496459418e+02
    -4.0166955982219937e-01 -2.0614070569088647e-01
    -3.7921219499050578e-02 -6.0179969485444694e+01
    -3.6198299213529985e+01 3.3490341633465982e+02
    -4.0053719580226943e-01 -2.0902969693617043e-01
    -4.0728231889562642e-02 -6.1389811693304118e+01
    -3.6246764664019821e+01 3.3475631371650661e+02
    -3.9894670953796946e-01 -2.0966180758077896e-01
    -3.9145549936956660e-02 -6.0675467019923410e+01
    -3.4832899329295110e+01 3.3400042128793945e+02
    -3.9961786529877696e-01 -2.1050007549152178e-01
    -3.9525399939641312e-02 -6.0677952647789773e+01
    -3.5519879243598140e+01 3.3389653267476177e+02
    -4.0006644260437563e-01 -2.0855080551412730e-01
    -3.8652297639145156e-02 -6.1152929881995163e+01
    -3.5069684683692550e+01 3.3456568817364740e+02
    -4.0413077353239835e-01 -2.0921124512756725e-01
    -3.8867812671769697e-02 -6.1095450753505972e+01
    -3.4887978668410511e+01 3.3465719015122676e+02
    -4.0347088916125123e-01 -2.0925924861261944e-01
    -3.8098182476942889e-02 -6.0773931178139733e+01
    -3.4308101385914902e+01 3.3430165177137621e+02
    -3.9969932418142673e-01 -2.1024378399680177e-01
    -3.9433256705474144e-02 -6.1253445082373183e+01
    -3.5008739389633639e+01 3.3413081116928004e+02</data></Extrinsic_Parameters>
